City,Country,Cloudiness,Date,Humidity,Latitude,Longitude,Max Temp,Wind Speed
Punta Arenas,-70.9167,100,1650666512,71,-53.15,-70.9167,46.51,3.44
Mataura,168.8643,14,1650666741,75,-46.1927,168.8643,55.47,5.82
Hay River,-115.7999,40,1650666505,38,60.8156,-115.7999,40.96,6.91
Barrow,-156.7887,75,1650666742,92,71.2906,-156.7887,6.82,5.75
Estremoz,-7.5859,100,1650666742,95,38.8443,-7.5859,42.71,11.3
Skibbereen,-9.2667,100,1650666743,65,51.55,-9.2667,57.11,18.95
Benguela,13.4055,63,1650666743,89,-12.5763,13.4055,75.34,2.66
Vaini,-175.2,20,1650666744,69,-21.2,-175.2,82.56,3.44
Cape Town,18.4232,20,1650666742,69,-33.9258,18.4232,59.41,19.57
Rikitea,-134.9692,100,1650666744,88,-23.1203,-134.9692,71.29,7.81
Bluff,168.3333,72,1650666745,71,-46.6,168.3333,55.8,28.01
Hermanus,19.2345,35,1650666745,67,-34.4187,19.2345,55.8,10.94
Nouakchott,-15.9785,30,1650666745,54,18.0858,-15.9785,73.33,14.52
Thompson,-97.8558,20,1650666746,24,55.7435,-97.8558,44.76,6.91
Klaksvík,-6.589,89,1650666746,81,62.2266,-6.589,41.92,19.01
Waipawa,175.5153,17,1650666484,66,-41.4122,175.5153,53.13,6.89
Tura,90.2201,8,1650666747,96,25.5198,90.2201,69.62,6.6
Busselton,115.3333,0,1650666747,78,-33.65,115.3333,55.8,11.54
Nyurba,118.3319,79,1650666748,94,63.2842,118.3319,19.08,3.24
Evanston,-87.6901,100,1650666748,92,42.0411,-87.6901,50.68,19.57
Xiongzhou,114.3,66,1650666748,95,25.1167,114.3,70.75,3.0
Margate,1.3862,100,1650666749,88,51.3813,1.3862,50.88,5.01
Longyearbyen,15.6401,75,1650666749,79,78.2186,15.6401,21.04,3.44
Natal,-35.2094,40,1650666644,83,-5.795,-35.2094,82.62,13.8
Luba,8.5547,92,1650666750,85,3.4568,8.5547,81.19,8.32
Marawi,124.2928,67,1650666750,88,7.9986,124.2928,71.29,1.23
Río Gallegos,-69.2181,0,1650666698,57,-51.6226,-69.2181,48.25,14.97
Qaanaaq,-69.3632,100,1650666751,90,77.484,-69.3632,5.5,4.0
Sittwe,92.9,8,1650666751,81,20.15,92.9,80.71,4.7
Saint Paul Harbor,-152.4072,100,1650666752,81,57.79,-152.4072,44.11,11.5
Mukhen,136.1,100,1650666752,88,48.1,136.1,36.46,2.08
Zhaoqing,112.4597,69,1650666753,95,23.0512,112.4597,73.49,1.48
Kirakira,161.9205,70,1650666753,72,-10.4544,161.9205,84.4,7.23
Kedrovyy,91.8167,100,1650666753,79,56.1667,91.8167,18.01,10.8
Butaritari,172.7902,20,1650666754,74,3.0707,172.7902,82.09,19.39
Te Anau,167.7167,65,1650666754,67,-45.4167,167.7167,54.95,7.11
Puerto Ayora,-90.3518,48,1650666754,86,-0.7393,-90.3518,75.16,8.93
Tasiilaq,-37.6368,100,1650666755,92,65.6145,-37.6368,33.96,4.34
Yellowknife,-114.3525,20,1650666617,24,62.456,-114.3525,45.12,2.3
San Cristobal,-72.225,59,1650666755,84,7.7669,-72.225,77.18,3.67
Avarua,-159.775,75,1650666756,69,-21.2078,-159.775,80.65,23.02
Saint-Ambroise,-71.3324,87,1650666756,56,48.5501,-71.3324,37.0,17.27
Norman Wells,-126.8329,0,1650666757,43,65.282,-126.8329,30.24,13.8
Atuona,-139.0333,35,1650666757,75,-9.8,-139.0333,79.07,12.3
Francofonte,14.8806,20,1650666757,88,37.2265,14.8806,57.69,12.66
Port Alfred,26.891,100,1650666758,95,-33.5906,26.891,59.18,5.01
Jamestown,-79.2353,0,1650666758,42,42.097,-79.2353,54.01,11.5
Issoire,3.25,100,1650666759,92,45.55,3.25,51.06,4.38
Aklavik,-135.0107,100,1650666759,85,68.2191,-135.0107,24.76,19.19
Clyde River,-68.5914,0,1650666760,71,70.4692,-68.5914,1.63,4.61
Ulladulla,150.4667,90,1650666760,84,-35.35,150.4667,59.9,3.6
Mehamn,27.8492,75,1650666761,75,71.0357,27.8492,35.55,11.5
Arraial do Cabo,-42.0278,0,1650666761,82,-22.9661,-42.0278,75.81,8.93
Adrar,-10.0711,78,1650666761,17,20.5022,-10.0711,75.27,11.32
Hilo,-155.09,100,1650666690,78,19.7297,-155.09,85.28,3.44
Chāndbāli,86.7667,1,1650666762,87,20.7833,86.7667,80.11,9.75
East London,27.9116,99,1650666741,91,-33.0153,27.9116,63.91,10.71
Jumla,82.1838,7,1650666763,79,29.2747,82.1838,46.24,4.47
Kapaa,-159.319,75,1650666763,81,22.0752,-159.319,82.38,12.66
Seoul,126.9778,75,1650666763,93,37.5683,126.9778,51.19,3.44
Ancud,-73.8203,100,1650666764,93,-41.8697,-73.8203,55.22,28.72
Faanui,-151.75,88,1650666764,73,-16.4833,-151.75,79.68,8.21
Tuktoyaktuk,-133.0374,20,1650666765,67,69.4541,-133.0374,17.6,17.27
Rome,-75.4557,0,1650666765,44,43.2128,-75.4557,55.54,12.66
Geraldton,114.6,0,1650666679,45,-28.7667,114.6,66.61,19.57
New Norfolk,147.0587,10,1650666766,81,-42.7826,147.0587,48.92,3.15
Kieta,155.6333,100,1650666766,81,-6.2167,155.6333,80.31,0.51
Kaitangata,169.8464,56,1650666767,62,-46.2817,169.8464,54.7,10.31
Mineiros,-52.5511,52,1650666767,62,-17.5694,-52.5511,68.54,4.36
Port Blair,92.75,20,1650666767,94,11.6667,92.75,80.64,2.3
Marsá Maţrūḩ,27.2453,0,1650666768,88,31.3525,27.2453,57.4,5.75
Hasaki,140.8333,100,1650666768,81,35.7333,140.8333,66.29,4.05
Fortuna,-124.1573,75,1650666769,68,40.5982,-124.1573,61.93,11.5
Mar del Plata,-57.5575,75,1650666687,89,-38.0023,-57.5575,55.42,15.01
Balkhash,74.9804,100,1650666769,60,46.844,74.9804,51.3,14.99
Ganzhou,115.4327,100,1650666770,95,28.8184,115.4327,68.61,1.03
Severo-Kuril'sk,156.125,100,1650666770,100,50.6789,156.125,38.82,6.4
Slonim,25.3219,100,1650666770,96,53.0867,25.3219,40.01,5.48
Bengkulu,102.2655,100,1650666771,89,-3.8004,102.2655,76.39,6.46
Kruisfontein,24.7314,100,1650666771,83,-34.0033,24.7314,58.89,4.94
Khatanga,102.5,81,1650666772,96,71.9667,102.5,-0.8,6.91
Tarnogskiy Gorodok,43.5761,100,1650666772,96,60.4997,43.5761,38.64,2.91
Esim,-2.2405,25,1650666773,86,4.8699,-2.2405,80.47,10.04
Maraã,-65.3667,52,1650666773,94,-1.8333,-65.3667,75.67,1.39
Moussoro,16.4901,74,1650666773,19,13.6408,16.4901,89.4,7.65
Narsaq,-46.05,100,1650666774,92,60.9167,-46.05,44.82,3.76
Balkanabat,54.3671,0,1650666774,74,39.5108,54.3671,58.51,6.6
Eyl,49.8164,62,1650666774,78,7.9803,49.8164,81.39,6.82
Carnarvon,113.6333,0,1650666775,67,-24.8667,113.6333,62.67,10.36
Staicele,24.75,20,1650666775,87,57.8364,24.75,43.95,4.5
Bethel,-73.414,0,1650666776,34,41.3712,-73.414,64.49,10.36
Gaogou,119.1886,100,1650666776,70,34.0175,119.1886,57.99,7.72
Coquimbo,-71.3436,0,1650666776,88,-29.9533,-71.3436,60.53,10.36
Chumphon,98.8333,75,1650666777,96,10.3333,98.8333,72.32,1.52
Giohar,45.5005,77,1650666777,78,2.7809,45.5005,79.88,8.08
Taoudenni,-3.9836,74,1650666778,8,22.6783,-3.9836,80.49,9.75
San Patricio,-97.5169,3,1650666778,67,28.017,-97.5169,84.18,21.79
Mayskiy,40.1025,24,1650666779,85,47.6931,40.1025,42.21,5.57
Bulgan,103.5347,98,1650666779,34,48.8125,103.5347,38.93,9.06
Kavieng,150.7967,99,1650666779,76,-2.5744,150.7967,83.53,10.38
Velika Kladuša,15.8117,95,1650666780,97,45.1894,15.8117,50.76,0.67
Sakaraha,44.5333,100,1650666780,65,-22.9,44.5333,75.29,5.39
Ouahigouya,-2.4216,83,1650666781,12,13.5828,-2.4216,89.29,5.1
Faya,42.4509,97,1650666781,44,18.3851,42.4509,64.51,5.93
Kapiri Mposhi,28.6809,11,1650666781,98,-13.9652,28.6809,60.12,4.18
Smithers,-127.1743,75,1650666613,35,54.7804,-127.1743,52.12,9.22
Kintinku,35.2333,80,1650666782,78,-5.8833,35.2333,69.94,2.01
Newport,-2.9984,56,1650666699,68,51.5877,-2.9984,52.34,19.75
Vostok,135.8833,100,1650666783,97,46.4856,135.8833,32.97,4.27
Moroni,43.2551,100,1650666783,87,-11.7022,43.2551,78.37,14.88
Chabahar,60.643,6,1650666784,81,25.2919,60.643,78.82,1.61
Hīt,42.8251,98,1650666784,13,33.6416,42.8251,71.87,6.64
Touros,-35.4608,97,1650666785,80,-5.1989,-35.4608,79.99,11.14
Chui,-53.4616,100,1650666785,95,-33.6971,-53.4616,54.72,6.02
Porto-Novo,2.6036,100,1650666785,82,6.4965,2.6036,80.06,1.92
Dikson,80.5464,100,1650666786,100,73.5069,80.5464,-8.25,6.17
Mitsamiouli,43.2844,100,1650666786,82,-11.3847,43.2844,79.39,12.86
Lompoc,-120.4579,75,1650666787,66,34.6391,-120.4579,65.01,19.57
Caibarién,-79.4669,83,1650666787,79,22.5206,-79.4669,79.92,18.34
Presidencia Roque Sáenz Peña,-60.4388,67,1650666787,92,-26.7852,-60.4388,69.44,7.43
Alvand,49.1678,6,1650666788,67,36.3187,49.1678,45.14,4.97
Andenes,16.1194,100,1650666788,81,69.3143,16.1194,37.38,5.75
Albany,-73.9662,10,1650666789,46,42.6001,-73.9662,59.41,8.88
Cabo San Lucas,-109.9124,0,1650666644,23,22.8909,-109.9124,88.11,14.97
Fredericksburg,-77.4605,0,1650666789,25,38.3032,-77.4605,77.97,9.22
Tapiramutá,-40.7914,83,1650666790,87,-11.8472,-40.7914,68.54,4.07
Nikolskoye,30.7861,90,1650666790,79,59.7035,30.7861,44.8,4.16
Katsuura,140.3,90,1650666790,79,35.1333,140.3,67.21,10.69
Saskylakh,114.0833,99,1650666791,99,71.9167,114.0833,-1.55,4.68
Örnsköldsvik,18.7153,100,1650666791,75,63.2909,18.7153,40.15,4.61
Illapel,-71.1653,8,1650666792,51,-31.6308,-71.1653,65.07,3.62
Bredasdorp,20.0403,81,1650666792,61,-34.5322,20.0403,56.89,6.76
Tanabe,135.3667,99,1650666792,70,33.7333,135.3667,66.54,0.72
Virginia Beach,-75.978,40,1650666605,55,36.8529,-75.978,74.03,9.22
Husavik,-17.3389,43,1650666793,80,66.0449,-17.3389,42.93,3.69
Chokurdakh,147.9167,100,1650666793,93,70.6333,147.9167,9.77,6.38
Pisco,-76.2167,0,1650666794,82,-13.7,-76.2167,66.25,18.41
Port Elizabeth,25.5701,0,1650666794,80,-33.918,25.5701,61.32,13.8
Calamar,-74.9146,96,1650666795,71,10.2511,-74.9146,78.49,5.08
Poum,164.0167,60,1650666795,68,-20.2333,164.0167,77.23,8.03
Skjervøy,20.9714,99,1650666796,69,70.0311,20.9714,35.6,12.59
Umluj,37.2685,36,1650666714,56,25.0213,37.2685,79.05,4.45
Algiers,3.042,0,1650666532,63,36.7525,3.042,60.62,4.61
Tuatapere,167.6833,16,1650666797,72,-46.1333,167.6833,54.7,6.33
Charters Towers,146.2667,100,1650666797,88,-20.1,146.2667,68.74,11.68
Bosaso,49.1816,39,1650666797,65,11.2842,49.1816,83.62,6.53
Souillac,57.5167,40,1650666798,69,-20.5167,57.5167,75.58,14.97
Ushuaia,-68.3,40,1650666794,61,-54.8,-68.3,44.26,13.8
Grootfontein,18.1167,0,1650666799,87,-19.5667,18.1167,49.57,1.14
Tarko-Sale,77.785,99,1650666799,97,64.9225,77.785,1.13,11.74
Abu Kamal,40.9171,79,1650666799,14,34.4506,40.9171,69.84,2.24
Ahipara,173.1667,74,1650666800,58,-35.1667,173.1667,65.52,16.13
Nueva Loja,-76.8828,75,1650666800,62,0.0847,-76.8828,87.82,4.61
Kalianget,113.9333,94,1650666801,78,-7.05,113.9333,81.48,8.48
Yārāda,83.2667,5,1650666801,82,17.65,83.2667,81.45,13.76
Amapá,-52.0,100,1650666802,100,1.0,-52.0,71.08,2.33
La Sarre,-79.1996,59,1650666554,58,48.8002,-79.1996,36.57,6.87
Labuhan,112.2051,64,1650666802,89,-6.8844,112.2051,78.66,3.87
Lebu,-73.65,79,1650666802,90,-37.6167,-73.65,54.9,8.63
Williams Lake,-122.1445,75,1650666576,42,52.1415,-122.1445,58.05,4.61
Upernavik,-56.1549,70,1650666803,95,72.7868,-56.1549,4.51,2.48
Bambous Virieux,57.7575,40,1650666804,69,-20.3428,57.7575,76.21,14.97
Maniitsoq,-52.9,100,1650666804,92,65.4167,-52.9,30.18,5.01
Ust'-Ishim,71.1665,24,1650666805,80,57.6935,71.1665,17.02,6.29
Torbay,-52.7314,100,1650666805,50,47.6666,-52.7314,43.57,8.05
Talara,-81.2719,11,1650666806,86,-4.5772,-81.2719,68.94,13.98
Castro,-50.0119,8,1650666806,93,-24.7911,-50.0119,60.01,4.41
Ribas do Rio Pardo,-53.7592,56,1650666806,46,-20.4431,-53.7592,79.34,6.15
Atbasar,68.3333,1,1650666807,53,51.8,68.3333,33.85,6.55
Lázaro Cárdenas,-102.2,1,1650666807,55,17.9583,-102.2,83.26,11.41
Cap Malheureux,57.6142,73,1650666808,71,-19.9842,57.6142,76.46,7.0
Australind,115.7167,0,1650666808,72,-33.2667,115.7167,56.35,11.88
Atar,-13.0499,49,1650666808,20,20.5169,-13.0499,78.31,6.98
Calahorra,-1.9652,100,1650666767,73,42.3051,-1.9652,51.78,12.28
Mahébourg,57.7,40,1650666809,69,-20.4081,57.7,76.24,14.97
Buluang,123.3425,89,1650666809,84,13.3068,123.3425,78.94,2.89
Kailua,-157.7394,100,1650666631,71,21.4022,-157.7394,84.18,14.97
Bawku,-0.2417,8,1650666810,32,11.0616,-0.2417,91.8,6.58
Vestmannaeyjar,-20.2734,69,1650666810,85,63.4427,-20.2734,46.35,13.91
Ilulissat,-51.1,100,1650666811,86,69.2167,-51.1,23.02,2.3
Mareeba,145.4333,99,1650666811,93,-17.0,145.4333,72.45,5.32
Songjianghe,127.479,0,1650666812,46,42.1859,127.479,44.15,8.57
Sadova,23.95,30,1650666812,78,43.9,23.95,54.41,1.48
Hobart,147.3294,20,1650666515,83,-42.8794,147.3294,49.05,10.36
Vilsbiburg,12.35,95,1650666813,84,48.45,12.35,47.08,5.99
Vereya,36.1719,100,1650666813,96,55.3447,36.1719,41.81,1.88
General Roca,-67.5833,56,1650666814,48,-39.0333,-67.5833,63.63,20.07
Lavrentiya,-171.0,9,1650666814,78,65.5833,-171.0,31.12,3.2
Lüderitz,15.1594,0,1650666814,78,-26.6481,15.1594,59.72,16.8
Ponta do Sol,-17.1,92,1650666815,68,32.6667,-17.1,63.23,12.62
Bathsheba,-59.5167,20,1650666815,69,13.2167,-59.5167,79.41,14.97
Yeppoon,150.7333,77,1650666816,69,-23.1333,150.7333,71.38,21.23
Olafsvik,-23.7142,95,1650666816,86,64.8945,-23.7142,45.3,8.08
Esperance,121.9,3,1650666816,84,-33.8667,121.9,55.24,6.82
Khalkhāl,48.5258,2,1650666817,78,37.6189,48.5258,45.72,2.84
Matadi,13.45,90,1650666817,95,-5.8167,13.45,75.83,2.68
Pokhara,83.9833,0,1650666817,50,28.2333,83.9833,66.78,7.52
Quelimane,36.8883,53,1650666818,94,-17.8786,36.8883,73.2,3.71
Japura,102.35,100,1650666818,99,-0.3167,102.35,73.26,1.68
Yar-Sale,70.8333,79,1650666546,98,66.8333,70.8333,-2.67,7.92
Gezing,13.1299,100,1650666819,97,47.9178,13.1299,44.85,5.75
Kargasok,80.8572,100,1650666819,79,59.0556,80.8572,15.31,14.72
Mantalongon,123.4617,38,1650666820,82,9.8106,123.4617,72.46,8.41
Quatre Cocos,57.7625,97,1650666820,68,-20.2078,57.7625,76.08,18.59
Nuevo Progreso,-97.95,0,1650666820,57,23.1667,-97.95,84.54,5.99
Provideniya,-173.3,20,1650666821,65,64.3833,-173.3,33.01,1.41
Ocós,-92.1933,17,1650666821,64,14.5094,-92.1933,87.98,8.81
Panacan,118.4082,2,1650666822,81,9.2463,118.4082,81.52,6.93
Saint George,-113.5841,75,1650666719,51,37.1041,-113.5841,58.24,18.41
Hofn,-15.2082,11,1650666822,86,64.2539,-15.2082,44.78,0.45
Hithadhoo,73.0833,100,1650666823,70,-0.6,73.0833,84.67,11.5
Kavaratti,72.642,99,1650666803,72,10.5669,72.642,83.95,3.67
Tiksi,128.8694,100,1650666823,94,71.6872,128.8694,13.14,7.85
Kampene,26.6667,91,1650666824,96,-3.6,26.6667,69.64,2.68
Dabat,37.765,92,1650666824,67,12.9842,37.765,57.58,3.96
Øksfjord,22.3479,98,1650666824,93,70.2396,22.3479,36.0,6.26
Senanga,23.2667,100,1650666825,65,-16.1167,23.2667,67.41,3.33
Hualmay,-77.6139,75,1650666825,86,-11.0964,-77.6139,67.75,7.4
Damoh,79.45,85,1650666826,20,23.8333,79.45,88.12,2.73
Lata,-8.3327,100,1650666826,98,40.1629,-8.3327,50.81,4.32
São Filipe,-24.4956,1,1650666826,78,14.8961,-24.4956,73.29,5.39
Mayor Pablo Lagerenza,-60.7718,2,1650666827,37,-19.9309,-60.7718,90.36,10.71
Bambanglipuro,110.2833,76,1650666827,87,-7.95,110.2833,75.85,4.27
Uvira,29.1458,99,1650666828,92,-3.4067,29.1458,72.23,3.58
Qaqortoq,-46.0333,100,1650666828,92,60.7167,-46.0333,34.65,1.86
Ostrovnoy,39.5131,100,1650666828,89,68.0531,39.5131,29.01,12.44
Havøysund,24.6622,100,1650666829,76,70.9963,24.6622,34.03,15.21
Cidreira,-50.2056,100,1650666807,80,-30.1811,-50.2056,71.37,15.3
Riberalta,-66.1,75,1650666829,62,-10.9833,-66.1,88.0,6.91
Saint-Philippe,55.7679,88,1650666830,83,-21.3585,55.7679,76.59,16.82
Chu,73.7614,34,1650666830,73,43.5983,73.7614,57.13,9.46
Lorengau,147.2712,83,1650666831,72,-2.0226,147.2712,84.56,5.7
Behshahr,53.5526,28,1650666831,93,36.6923,53.5526,55.44,3.62
George Town,100.3354,20,1650666764,93,5.4112,100.3354,82.33,5.01
Ankang,109.0172,58,1650666832,67,32.68,109.0172,63.72,2.64
Sorong,131.25,100,1650666832,90,-0.8833,131.25,77.27,6.91
Mana,-53.7767,100,1650666832,90,5.6592,-53.7767,75.51,6.15
Katangli,143.2326,100,1650666833,99,51.7102,143.2326,30.78,17.34
Oranjemund,16.4333,18,1650666833,93,-28.55,16.4333,55.83,12.48
Coolum Beach,153.1,59,1650666834,72,-26.5333,153.1,73.11,16.6
Teguise,-13.564,20,1650666834,63,29.0605,-13.564,62.82,11.5
Mt. Pleasant,-79.8626,0,1650666835,62,32.7941,-79.8626,75.18,10.36
Fort Nelson,-122.7002,75,1650666835,32,58.8053,-122.7002,49.59,4.61
Tayu,111.0518,82,1650666835,89,-6.5397,111.0518,77.36,4.59
Olavarría,-60.3225,5,1650666669,63,-36.8927,-60.3225,55.02,7.25
Shimoda,138.95,91,1650666836,72,34.6667,138.95,68.52,17.98
Auki,160.7034,91,1650666836,70,-8.7676,160.7034,83.93,2.73
Airai,125.4092,71,1650666837,74,-8.9266,125.4092,63.23,2.64
Wald-Michelbach,8.8317,56,1650666837,65,49.57,8.8317,53.04,7.43
San Juan,-68.5364,10,1650666837,44,-31.5375,-68.5364,65.23,9.42
Palmas,-48.3603,40,1650666557,94,-10.2128,-48.3603,76.87,2.3
Umm Kaddadah,26.6876,4,1650666838,13,13.6017,26.6876,81.5,10.18
Hong Kong,114.1577,10,1650666606,91,22.2855,114.1577,77.38,3.0
Mossamedes,12.1522,45,1650666839,80,-15.1961,12.1522,72.79,3.51
North Platte,-100.7654,100,1650666839,22,41.1239,-100.7654,94.89,32.99
Nanning,108.3167,80,1650666839,94,22.8167,108.3167,73.85,3.02
Nantucket,-70.0995,0,1650666840,41,41.2835,-70.0995,62.65,17.27
Cherskiy,161.3,99,1650666840,89,68.75,161.3,23.23,7.45
Sitka,-135.33,100,1650666794,46,57.0531,-135.33,51.69,17.27
Broome,-75.833,0,1650666841,42,42.2506,-75.833,56.68,11.5
Evensk,159.2333,95,1650666842,77,61.95,159.2333,24.12,3.2
Barletta,16.2908,95,1650666842,71,41.3118,16.2908,58.8,6.46
Republic,-93.4802,0,1650666842,44,37.12,-93.4802,81.48,23.02
Boyolangu,111.8935,74,1650666843,91,-8.1181,111.8935,75.47,1.39
Weligama,80.4167,100,1650666843,85,5.9667,80.4167,78.28,2.77
Saddiqabad,70.1307,3,1650666844,11,28.3062,70.1307,83.32,7.07
Räpina,27.4636,33,1650666844,83,58.0981,27.4636,41.74,2.39
Yumen,97.2,95,1650666845,15,40.2833,97.2,50.49,2.39
Manakara,48.0167,100,1650666845,94,-22.1333,48.0167,72.41,2.1
Codrington,141.9667,4,1650666846,71,-38.2667,141.9667,54.21,6.64
Puqi,113.8833,95,1650666846,94,29.7167,113.8833,68.52,1.07
Mayumba,10.6554,100,1650666847,91,-3.432,10.6554,77.32,2.37
Pastavy,26.8326,80,1650666847,81,55.1168,26.8326,44.8,9.95
Aswān,32.907,0,1650666847,12,24.0934,32.907,78.1,6.91
Mier,-99.15,0,1650666848,33,26.4333,-99.15,90.12,28.59
Bakchar,82.0711,26,1650666848,96,57.0186,82.0711,13.8,5.5
Sampit,112.95,58,1650666849,94,-2.5333,112.95,74.26,1.63
Hienghène,164.9333,87,1650666849,71,-20.6833,164.9333,77.04,11.81
Bima,118.7167,100,1650666849,91,-8.4667,118.7167,78.58,1.88
Along,94.7667,100,1650666850,99,28.1667,94.7667,67.87,0.98
Puerto Quijarro,-57.7667,100,1650666850,53,-17.7833,-57.7667,85.89,3.71
Altamira,-52.2064,73,1650666851,98,-3.2033,-52.2064,72.48,3.27
Cartagena,-75.5144,40,1650666608,70,10.3997,-75.5144,85.62,6.91
Hamilton,-84.5333,40,1650666851,49,39.1834,-84.5333,78.75,11.5
Lloydminster,-110.0016,100,1650666561,75,53.2835,-110.0016,37.62,4.61
Quang Ngai,108.8,33,1650666852,90,15.1167,108.8,75.6,2.8
Neuquén,-68.0591,0,1650666555,72,-38.9516,-68.0591,58.89,3.44
Vila Velha,-40.2925,0,1650666683,72,-20.3297,-40.2925,82.35,11.5
Lagoa,-27.9833,100,1650666801,67,39.05,-27.9833,57.27,15.26
Russell,-85.1999,0,1650666559,36,32.3502,-85.1999,81.97,6.91
Abaza,90.0928,100,1650666854,79,52.655,90.0928,29.46,4.21
Banda Aceh,95.3222,55,1650666854,82,5.5577,95.3222,79.92,5.95
São João da Barra,-41.0511,0,1650666855,87,-21.6403,-41.0511,76.28,11.83
Matara,80.5353,100,1650666610,86,5.9485,80.5353,77.97,3.65
Korla,86.1469,14,1650666855,22,41.7597,86.1469,62.58,8.19
Zhigansk,123.3711,99,1650666856,95,66.7697,123.3711,13.96,10.67
Woodward,-99.3904,40,1650666856,50,36.4337,-99.3904,83.43,31.07
Aykhal,111.5,100,1650666797,94,66.0,111.5,10.08,5.32
Asău,26.4,86,1650666857,96,46.4333,26.4,49.28,3.06
Tres Arroyos,-60.2798,39,1650666857,60,-38.3739,-60.2798,49.19,7.81
Mount Isa,139.5,100,1650666858,78,-20.7333,139.5,71.37,14.97
Grand-Santi,-54.3833,100,1650666858,99,4.25,-54.3833,72.39,2.42
Athabasca,-113.2854,92,1650666756,49,54.7169,-113.2854,54.01,6.53
Saldanha,17.9442,0,1650666859,74,-33.0117,17.9442,57.25,18.54
Yerbogachën,108.0108,66,1650666859,86,61.2767,108.0108,19.38,5.26
Luau,22.2247,99,1650666859,86,-10.7073,22.2247,66.38,3.51
Beya,90.9139,92,1650666860,70,53.0533,90.9139,29.79,7.47
Marrakesh,-8.0083,40,1650666860,67,31.6315,-8.0083,59.07,11.5
Port Hedland,118.5667,93,1650666861,31,-20.3167,118.5667,75.25,5.75
Marzuq,46.4667,6,1650666861,44,14.4,46.4667,69.69,5.37
Progreso,-89.6667,0,1650666862,69,21.2833,-89.6667,89.71,22.03
Svetlaya,138.3297,100,1650666862,76,46.5389,138.3297,41.99,5.57
San Quintín,-115.95,79,1650666863,60,30.4833,-115.95,63.01,23.71
Linjiang,126.9078,0,1650666863,52,41.8069,126.9078,47.34,3.47
Agua Dulce,-94.1333,34,1650666864,68,18.1333,-94.1333,78.58,14.61
Acajutla,-89.8275,98,1650666864,63,13.5928,-89.8275,85.55,9.44
Vardø,31.1107,97,1650666864,97,70.3705,31.1107,36.12,13.0
Kalmunai,81.8167,82,1650666865,86,7.4167,81.8167,77.83,6.15
Syracuse,15.2792,33,1650666865,82,37.0881,15.2792,56.79,6.08
Grand Gaube,57.6608,81,1650666866,71,-20.0064,57.6608,76.37,8.99
Kiryat Gat,34.7642,96,1650666866,100,31.61,34.7642,70.39,2.62
Kuzhener,48.9128,18,1650666866,94,56.8111,48.9128,29.37,4.74
Eidsvoll,11.2616,0,1650666867,61,60.3305,11.2616,49.87,6.91
Pradópolis,-48.0656,6,1650666867,57,-21.3594,-48.0656,77.18,2.42
Hays,-98.0336,18,1650666868,45,30.0502,-98.0336,86.59,11.01
Tokur,132.9,82,1650666868,76,53.1333,132.9,26.69,2.39
Leshan,103.7639,2,1650666868,84,29.5623,103.7639,66.99,1.1
Itamarandiba,-42.8589,43,1650666869,67,-17.8572,-42.8589,67.03,3.71
Raudeberg,5.1352,67,1650666869,81,61.9875,5.1352,50.67,13.29
Kahului,-156.47,75,1650666870,70,20.8947,-156.47,82.42,21.85
Lucea,-78.1736,76,1650666870,80,18.451,-78.1736,78.66,13.96
Batticaloa,81.6924,93,1650666870,86,7.7102,81.6924,78.3,8.37
Harbour Breton,-55.7983,100,1650666871,86,47.4833,-55.7983,38.25,10.13
Santa Cruz del Sur,-77.9956,89,1650666871,72,20.7147,-77.9956,79.21,17.58
Madridejos,-3.532,100,1650666872,90,39.4682,-3.532,47.73,15.86
Santa Fe,-60.7,58,1650666872,92,-31.6333,-60.7,57.02,3.0
Namatanai,152.4333,95,1650666873,71,-3.6667,152.4333,83.98,7.02
Havelock,-76.9013,88,1650666873,68,34.8791,-76.9013,71.94,5.01
Yangi Marg`ilon,71.7189,7,1650666873,58,40.4272,71.7189,57.92,6.91
Selma,-119.6121,81,1650666874,54,36.5708,-119.6121,69.03,11.9
Port Macquarie,152.9167,40,1650666874,94,-31.4333,152.9167,62.49,9.22
Rocha,-54.3333,100,1650666875,91,-34.4833,-54.3333,53.78,7.54
Malakal,31.6605,100,1650666609,55,9.5334,31.6605,84.33,5.1
Keetmanshoop,18.1333,78,1650666875,35,-26.5833,18.1333,69.8,2.62
Ayan,138.1667,100,1650666876,87,56.45,138.1667,27.88,1.99
Agirish,63.0231,68,1650666876,97,61.9247,63.0231,12.25,3.18
‘Ewa Beach,-158.0072,75,1650666863,52,21.3156,-158.0072,84.15,14.97
Brae,-1.353,76,1650666877,79,60.3964,-1.353,45.19,20.45
Alta Floresta,-56.0861,78,1650666877,95,-9.8756,-56.0861,72.66,2.91
Darhan,105.9228,97,1650666878,55,49.4867,105.9228,38.98,4.34
Charlestown,151.6667,97,1650666628,97,-32.95,151.6667,65.1,1.01
Ahmednagar,74.7333,97,1650666878,29,19.0833,74.7333,86.85,3.44
Champerico,-91.9167,38,1650666879,62,14.3,-91.9167,91.94,12.21
Palmer,-72.3287,20,1650666808,29,42.1584,-72.3287,61.97,14.97
Port Hardy,-127.4199,75,1650666879,66,50.6996,-127.4199,51.98,5.75
Sulphur,-93.3774,0,1650666880,55,30.2366,-93.3774,82.6,20.71
Sobolevo,31.8996,88,1650666880,88,54.4299,31.8996,42.67,8.19
Laas,10.7002,97,1650666881,97,46.6166,10.7002,50.88,2.91
Shangrao,117.9686,100,1650666881,96,28.4532,117.9686,67.96,0.22
College,-147.8028,75,1650666881,35,64.8569,-147.8028,50.32,3.44
Holme,10.1725,35,1650666882,71,56.1138,10.1725,48.18,9.42
Constitución,-72.4167,90,1650666882,94,-35.3333,-72.4167,56.44,1.54
Yatou,122.3833,46,1650666882,45,37.15,122.3833,53.71,5.97
Pevek,170.3133,87,1650666883,93,69.7008,170.3133,11.86,5.5
Tottori-shi,134.2333,75,1650666883,82,35.5,134.2333,60.87,1.14
Manokwari,134.0833,98,1650666884,79,-0.8667,134.0833,79.43,2.3
Letpadan,95.75,2,1650666884,74,17.7833,95.75,79.07,5.21
Laguna,-121.4238,40,1650666730,42,38.421,-121.4238,68.61,4.61
Saint-François,3.9054,100,1650666885,76,46.4154,3.9054,54.84,3.44
Ketchikan,-131.6461,75,1650666885,62,55.3422,-131.6461,52.27,16.11
Masallātah,14.0,0,1650666885,79,32.6167,14.0,58.44,2.86
Union City,-122.0192,40,1650666641,57,37.5958,-122.0192,67.42,16.11
Ust'-Tarka,75.705,86,1650666886,81,55.5672,75.705,26.44,8.28
Haines Junction,-137.5108,98,1650666886,33,60.7522,-137.5108,42.75,5.75
Yorosso,-4.7761,58,1650666887,24,12.3536,-4.7761,89.6,5.68
Peniche,-9.3811,100,1650666887,81,39.3558,-9.3811,51.12,20.65
Belaya Gora,146.4167,100,1650666887,91,68.5333,146.4167,14.74,4.23
Dārāb,54.5444,100,1650666888,28,28.7519,54.5444,68.81,0.27
Livramento,-60.1803,40,1650666888,89,-3.0254,-60.1803,79.48,3.44
Lawrence,-95.2353,100,1650666779,50,38.9717,-95.2353,80.76,21.85
Mwinilunga,24.4293,74,1650666889,95,-11.7358,24.4293,61.59,2.91
Opuwo,13.84,3,1650666889,44,-18.0607,13.84,65.05,5.41
Ribeira Grande,-28.7,95,1650666890,66,38.5167,-28.7,58.48,13.29
Oodweyne,45.064,58,1650666890,56,9.4092,45.064,73.69,5.61
Ambilobe,49.05,91,1650666890,92,-13.2,49.05,72.64,3.78
Vallenar,-70.7581,18,1650666891,51,-28.5708,-70.7581,68.0,2.1
Talcahuano,-73.1167,40,1650666891,88,-36.7167,-73.1167,58.68,6.91
Biskamzha,89.5272,90,1650666892,97,53.4497,89.5272,14.56,1.86
Kologriv,44.3178,28,1650666892,73,58.8275,44.3178,39.0,5.08
Provost,-110.2683,93,1650666892,56,52.3501,-110.2683,48.65,8.28
Guerrero Negro,-114.0611,26,1650666893,61,27.9769,-114.0611,66.51,25.21
Santa Isabel Rio Negro,-65.0192,93,1650666893,97,-0.4139,-65.0192,75.34,0.38
Miraflores,-98.8083,77,1650666894,37,19.2167,-98.8083,76.03,4.21
Port Lincoln,135.8667,100,1650666894,67,-34.7333,135.8667,60.17,15.01
Cuamba,36.5372,18,1650666894,99,-14.8031,36.5372,66.11,4.7
Kaeo,173.7833,31,1650666895,68,-35.1,173.7833,67.32,11.01
Vrede,29.1659,95,1650666895,73,-27.4257,29.1659,56.88,2.35
Dhidhdhoo,73.1,100,1650666896,70,6.8833,73.1,83.75,2.51
Shakawe,21.85,92,1650666896,53,-18.3667,21.85,67.42,3.98
Muisne,-80.0333,89,1650666896,81,0.6,-80.0333,77.88,6.69
Ucluelet,-125.5528,99,1650666618,70,48.9329,-125.5528,53.91,6.89
Petaluma,-122.6367,0,1650666897,65,38.2324,-122.6367,66.88,14.97
Padang,100.3543,100,1650666897,85,-0.9492,100.3543,78.08,3.83
Henties Bay,14.2845,2,1650666898,87,-22.116,14.2845,61.72,5.57
Minot,-101.2963,100,1650666898,93,48.2325,-101.2963,35.82,10.36
Marystown,-55.1483,100,1650666684,100,47.1666,-55.1483,38.86,8.01
Mattru,-11.8332,100,1650666899,82,7.6244,-11.8332,78.46,2.89
Karatsu,129.9697,100,1650666899,43,33.4425,129.9697,64.9,3.0
Oriximiná,-55.8661,100,1650666899,95,-1.7656,-55.8661,72.3,2.75
Vinh Long,105.9667,10,1650666900,92,10.25,105.9667,78.78,3.4
Mayo,-76.5119,0,1650666900,35,38.8876,-76.5119,73.56,6.91
Ternate,127.4,100,1650666901,81,0.8,127.4,80.4,2.8
Flinders,150.8552,82,1650666901,91,-34.5833,150.8552,64.18,5.01
Davlekanovo,55.0343,0,1650666902,71,54.2215,55.0343,38.28,4.54
Bantou,117.4893,100,1650666902,99,26.2151,117.4893,68.94,1.14
Sambava,50.1667,91,1650666903,89,-14.2667,50.1667,75.47,6.62
Cruzeiro do Sul,-51.9853,100,1650666903,98,-29.5128,-51.9853,63.97,5.06
Avera,-82.5271,7,1650666904,62,33.194,-82.5271,80.65,5.14
Zwedru,-8.1281,85,1650666904,98,6.0667,-8.1281,73.67,2.24
Mackay,149.2,100,1650666849,94,-21.15,149.2,73.69,13.8
Gari,62.3497,61,1650666905,87,59.4307,62.3497,22.1,2.46
Basco,121.9702,51,1650666905,74,20.4487,121.9702,81.5,18.79
Lethem,-59.7968,95,1650666906,65,3.3803,-59.7968,81.66,4.03
Stary Oskol,37.8417,54,1650666906,83,51.2967,37.8417,44.6,1.74
Lermontovka,134.3383,75,1650666906,65,47.1453,134.3383,42.91,3.69
Verkhnevilyuysk,120.3167,98,1650666907,91,63.4453,120.3167,21.49,3.74
Blagoyevo,47.9167,100,1650666907,95,63.3667,47.9167,35.06,4.34
Beidao,105.8933,6,1650666908,61,34.5686,105.8933,53.82,3.2
Dombås,9.1235,76,1650666908,77,62.0696,9.1235,33.8,2.75
Saint-Pierre,55.4781,0,1650666909,76,-21.3393,55.4781,76.68,26.46
Verkhoyansk,133.385,98,1650666909,90,67.5447,133.385,19.33,4.47
Nizwá,57.5333,96,1650666910,29,22.9333,57.5333,80.11,2.66
Shahrud,54.9763,93,1650666910,59,36.4182,54.9763,56.88,7.49
Kloulklubed,134.2556,91,1650666911,79,7.0419,134.2556,75.7,8.86
Discovery Bay,-121.6002,75,1650666850,38,37.9085,-121.6002,69.96,0.0
Caravelas,-39.2481,14,1650666911,80,-17.7125,-39.2481,74.5,5.97
Bilibino,166.4372,99,1650666911,87,68.0546,166.4372,16.29,2.37
Nanchang,115.8833,100,1650666912,96,28.6833,115.8833,68.74,2.01
Banjar,114.9675,100,1650666912,89,-8.19,114.9675,77.72,3.0
Guiong,122.0258,100,1650666913,87,6.4186,122.0258,79.9,4.0
Grindavik,-22.4338,100,1650666913,87,63.8424,-22.4338,45.07,12.66
Honningsvåg,25.9704,75,1650666914,86,70.9821,25.9704,33.55,6.91
Ajdabiya,20.2263,95,1650666914,64,30.7554,20.2263,67.01,12.82
Vila Franca do Campo,-25.4333,88,1650666915,68,37.7167,-25.4333,57.61,6.46
Inhambane,35.3833,100,1650666915,79,-23.865,35.3833,71.87,4.83
Porto Walter,-72.7439,72,1650666916,88,-8.2686,-72.7439,77.2,2.51
Denpasar,115.2167,20,1650666916,88,-8.65,115.2167,80.26,2.3
Nyagan,65.3936,46,1650666917,98,62.1406,65.3936,3.83,1.66
Nome,-165.4064,0,1650666917,45,64.5011,-165.4064,43.16,8.05
Kawambwa,29.0791,11,1650666917,97,-9.7915,29.0791,60.26,3.83
Morro Bay,-120.8499,55,1650666918,71,35.3658,-120.8499,66.2,8.99
Penzance,-5.5371,90,1650666918,88,50.1186,-5.5371,52.48,17.74
Semey,80.2275,50,1650666919,51,50.4111,80.2275,33.84,5.55
Santa Maria da Vitória,-44.1886,97,1650666919,55,-13.3947,-44.1886,77.74,2.44
Araouane,-3.5265,99,1650666920,8,18.9048,-3.5265,79.54,9.73
Fare,-151.0167,89,1650666920,78,-16.7,-151.0167,78.66,10.16
Ossora,163.0719,95,1650666920,85,59.2353,163.0719,26.73,3.42
St. George's,-61.7485,20,1650666921,74,12.0564,-61.7485,80.28,17.27
Monrovia,-10.7969,98,1650666722,87,6.3005,-10.7969,78.57,4.56
Comodoro Rivadavia,-67.5,0,1650666921,66,-45.8667,-67.5,49.86,4.61
Bereket,55.5154,0,1650666922,77,39.2446,55.5154,60.01,11.3
Saint-Augustin,-58.6502,100,1650666922,100,51.226,-58.6502,33.15,4.54
Sinnamary,-52.95,100,1650666923,91,5.3833,-52.95,75.51,5.91
Vestmanna,-7.1664,72,1650666923,75,62.1564,-7.1664,40.12,5.75
Samarai,150.6667,88,1650666923,76,-10.6167,150.6667,82.78,10.49
Uto,130.6667,100,1650666924,75,32.6833,130.6667,61.2,3.0
Khani,42.9566,63,1650666924,70,41.9563,42.9566,38.77,4.61
Santa Maria,-53.8069,100,1650666925,88,-29.6842,-53.8069,65.5,6.91
Tarabuco,-64.9167,2,1650666925,32,-19.1667,-64.9167,54.79,4.43
Kpandae,-0.0113,47,1650666925,64,8.4689,-0.0113,81.72,5.75
Trairi,-39.2689,51,1650666926,87,-3.2778,-39.2689,77.38,5.97
Salalah,54.0924,20,1650666926,78,17.0151,54.0924,82.49,3.44
Soyo,12.3689,36,1650666927,90,-6.1349,12.3689,78.51,3.74
Pontes e Lacerda,-59.3353,93,1650666927,79,-15.2261,-59.3353,77.16,4.81
Kumul,93.45,92,1650666916,19,42.8,93.45,62.91,9.71
Baykit,96.37,99,1650666928,94,61.67,96.37,26.37,4.5
Rūdbār,62.6,81,1650666928,13,30.15,62.6,79.66,6.4
Eureka,-124.1637,36,1650666908,71,40.8021,-124.1637,62.13,5.99
Beba,-79.7253,84,1650666929,79,22.4437,-79.7253,79.07,14.23
Deputatsky,139.9,97,1650666929,92,69.3,139.9,8.13,2.04
Iqaluit,-68.5145,75,1650666929,72,63.7506,-68.5145,13.73,9.22
Mongu,23.1274,72,1650666930,62,-15.2484,23.1274,68.23,2.59
San Felipe,-68.7425,52,1650666930,87,10.3399,-68.7425,73.35,5.84
Beringovskiy,179.3167,100,1650666931,87,63.05,179.3167,27.99,2.57
Waziers,3.1149,0,1650666931,68,50.3872,3.1149,56.97,10.36
Galesburg,-90.3712,0,1650666931,65,40.9478,-90.3712,79.79,11.5
Inuvik,-133.7218,0,1650666932,34,68.3499,-133.7218,34.66,12.66
Mildura,142.15,75,1650666932,87,-34.2,142.15,53.56,6.91
Sola,167.55,100,1650666933,75,-13.8833,167.55,81.21,12.33
Udachny,112.4,100,1650666903,78,66.4167,112.4,10.45,4.03
Tomatlán,-105.25,5,1650666933,38,19.9333,-105.25,86.13,10.65
Itoman,127.6694,75,1650666933,94,26.1247,127.6694,75.97,12.66
Lashio,97.75,27,1650666934,70,22.9333,97.75,65.5,1.23
Kerema,145.7785,94,1650666934,75,-7.9631,145.7785,80.65,5.01
Hobyo,48.5268,86,1650666935,75,5.3505,48.5268,82.85,12.03
Vredendal,18.5012,0,1650666935,57,-31.6683,18.5012,60.89,0.67
Kita,-9.4895,100,1650666935,14,13.0349,-9.4895,88.72,3.89
Båtsfjord,29.7185,100,1650666936,86,70.6345,29.7185,35.38,17.27
Tommot,126.2925,81,1650666936,81,58.9564,126.2925,27.36,1.34
Onega,38.1404,100,1650666937,95,63.9061,38.1404,32.65,9.33
Sistranda,8.834,100,1650666937,82,63.7256,8.834,40.96,20.8
Thunder Bay,-89.3168,100,1650666833,80,48.4001,-89.3168,37.29,17.27
Vilhena,-60.1458,20,1650666938,78,-12.7406,-60.1458,79.02,6.91
Ponta Delgada,-25.6667,75,1650666938,54,37.7333,-25.6667,57.92,6.91
Dourbali,15.8632,98,1650666938,20,11.8091,15.8632,94.41,2.06
Tikhvin,33.5294,98,1650666939,91,59.6451,33.5294,42.44,3.27
San Jerónimo,-75.2829,68,1650666939,69,-11.9472,-75.2829,54.9,5.28
Plouzané,-4.6167,98,1650666939,82,48.3833,-4.6167,53.65,14.97
Omboué,9.2618,100,1650666940,89,-1.5746,9.2618,78.31,4.47
Tornio,24.1466,65,1650666940,88,65.8481,24.1466,39.22,7.38
Campbellton,-66.6727,66,1650666941,77,48.0075,-66.6727,46.85,12.55
Keti Bandar,67.4497,0,1650666941,81,24.1447,67.4497,79.29,11.72
Sabzawār,57.6819,71,1650666942,58,36.2126,57.6819,65.26,3.69
Antofagasta,-70.4,39,1650666942,86,-23.65,-70.4,61.88,6.6
Serafimovich,42.736,100,1650666942,93,49.5786,42.736,48.61,8.72
Obo,26.4869,99,1650666943,84,5.3998,26.4869,68.58,1.83
Itapagé,-39.5861,91,1650666943,94,-3.6867,-39.5861,72.21,2.53
Bull Savanna,-77.5902,34,1650666944,80,17.8868,-77.5902,76.55,7.02
Nelson,173.2833,23,1650666944,90,-41.2833,173.2833,59.7,1.01
Yangjiang,111.9667,9,1650666944,92,21.85,111.9667,75.2,3.6
Shenzhen,114.0683,17,1650666945,93,22.5455,114.0683,77.27,3.71
Tacna,-70.2483,20,1650666945,72,-18.0056,-70.2483,62.8,10.36
Nivala,24.9667,64,1650666945,95,63.9167,24.9667,33.73,4.23
Ubari,12.7805,0,1650666946,17,26.5921,12.7805,74.03,9.33
Callaway,-85.5699,0,1650666946,66,30.153,-85.5699,75.96,12.66
Lakhīmpur,80.7667,4,1650666947,22,27.95,80.7667,79.86,6.17
Senador Pompeu,-39.3717,85,1650666947,74,-5.5881,-39.3717,77.34,4.65
Narón,-8.1528,100,1650666947,83,43.5167,-8.1528,52.02,2.1
Dudinka,86.1778,95,1650666948,100,69.4058,86.1778,2.62,5.1
Moose Factory,-80.6094,0,1650666948,74,51.2585,-80.6094,24.8,12.66
Calvià,2.5062,36,1650666949,76,39.5657,2.5062,59.47,14.88
Qasigiannguit,-51.1922,100,1650666949,94,68.8193,-51.1922,23.25,1.81
Iberia,-91.7507,100,1650666949,54,29.9502,-91.7507,83.05,18.41
Gaza,34.4667,100,1650666950,89,31.5,34.4667,64.89,5.79
Cairns,145.7667,40,1650666950,97,-16.9167,145.7667,77.07,11.5
Sal Rei,-22.9167,1,1650666950,80,16.1833,-22.9167,70.61,16.91
Hambantota,81.1185,94,1650666951,81,6.1241,81.1185,79.7,7.18
Gaoyou,119.4278,100,1650666951,82,32.7858,119.4278,60.49,6.04
Bestöbe,73.0975,0,1650666952,49,52.4994,73.0975,32.22,5.41
Bam,58.357,96,1650666952,23,29.106,58.357,76.19,5.32
Kroya,109.2461,96,1650666952,84,-7.6331,109.2461,77.2,3.15
Jackson,-122.8345,40,1650666953,46,42.4165,-122.8345,62.47,13.8
Rognan,15.3878,100,1650666953,85,67.0953,15.3878,41.14,2.95
Nouadhibou,-17.0347,0,1650666954,68,20.931,-17.0347,66.18,17.27
Kondinskoye,67.41,18,1650666954,97,59.6481,67.41,5.56,5.66
Zavyalovo,82.4484,50,1650666954,60,54.5053,82.4484,26.47,8.84
Riyadh,46.7219,80,1650666732,14,24.6877,46.7219,75.34,5.17
Klyavlino,52.0267,39,1650666955,67,54.2649,52.0267,37.09,7.14
Tortolì,9.6572,20,1650666955,67,39.9256,9.6572,57.02,10.36
Panzhihua,101.7128,7,1650666956,67,26.5851,101.7128,65.43,0.49
La Guaira,-66.9346,75,1650666956,89,10.599,-66.9346,82.38,6.91
Sungai Penuh,101.3833,100,1650666956,96,-2.0833,101.3833,65.73,1.74
Sur,59.5289,96,1650666957,42,22.5667,59.5289,85.32,11.56
Rørvik,11.2373,96,1650666957,84,64.8621,11.2373,42.21,11.01
Qurayyat,37.3428,0,1650666958,14,31.3318,37.3428,77.18,18.41
Pochutla,-96.4661,71,1650666798,51,15.7432,-96.4661,84.81,8.68
Dzhebariki-Khaya,135.8,97,1650666959,79,62.2167,135.8,24.22,2.06
Miguel Hidalgo,-99.2028,40,1650666959,24,19.4225,-99.2028,76.93,11.5
Krasnaya Gora,31.6023,100,1650666959,87,52.9995,31.6023,45.72,10.94
Koygorodok,50.9968,69,1650666960,87,60.445,50.9968,33.8,5.44
Leningradskiy,178.4167,36,1650666960,89,69.3833,178.4167,20.17,4.43
Vanimo,141.3028,100,1650666960,89,-2.6741,141.3028,78.26,4.72
